0.333333333333
0.666666666667
1.0
1.33333333333
1.66666666667
2.0
2.33333333333
2.66666666667
3.0
3.33333333333
3.66666666667
4.0
4.33333333333
4.66666666667
5.0
5.33333333333
5.66666666667
6.0
6.33333333333
6.66666666667
7.0
7.33333333333
7.66666666667
8.0
8.33333333333
8.66666666667
9.0
9.33333333333
9.66666666667
10.0
10.3333333333
10.6666666667
11.0
11.3333333333
11.6666666667
12.0
12.3333333333
12.6666666667
13.0
13.3333333333
13.6666666667
14.0
14.3333333333
14.6666666667
15.0
15.3333333333
15.6666666667
16.0
16.3333333333
16.6666666667
17.0
17.3333333333
17.6666666667
18.0
18.3333333333
18.6666666667
19.0
19.3333333333
19.6666666667
20.0
20.3333333333
20.6666666667
21.0
21.3333333333
21.6666666667
22.0
22.3333333333
22.6666666667
23.0
23.3333333333
23.6666666667
24.0
24.3333333333
24.6666666667
25.0
25.3333333333
25.6666666667
26.0
26.3333333333
26.6666666667
27.0
27.3333333333
27.6666666667
28.0
28.3333333333
28.6666666667
29.0
29.3333333333
29.6666666667
30.0
30.3333333333
30.6666666667
31.0
31.3333333333
31.6666666667
32.0
32.3333333333
32.6666666667
33.0
33.3333333333
33.6666666667
34.0
34.3333333333
34.6666666667
35.0
35.3333333333
35.6666666667
36.0
36.3333333333
36.6666666667
37.0
37.3333333333
37.6666666667
38.0
38.3333333333
38.6666666667
39.0
39.3333333333
39.6666666667
40.0
40.3333333333
40.6666666667
41.0
41.3333333333
41.6666666667
42.0
42.3333333333
42.6666666667
43.0
43.3333333333
43.6666666667
44.0
44.3333333333
44.6666666667
45.0
45.3333333333
45.6666666667
46.0
46.3333333333
46.6666666667
47.0
47.3333333333
47.6666666667
48.0
48.3333333333
48.6666666667
49.0
49.3333333333
49.6666666667
50.0
50.3333333333
50.6666666667
51.0
51.3333333333
51.6666666667
52.0
52.3333333333
52.6666666667
53.0
53.3333333333
53.6666666667
54.0
54.3333333333
54.6666666667
55.0
55.3333333333
55.6666666667
56.0
56.3333333333
56.6666666667
57.0
57.3333333333
57.6666666667
58.0
58.3333333333
58.6666666667
59.0
59.3333333333
59.6666666667
60.0
60.3333333333
60.6666666667
61.0
61.3333333333
61.6666666667
62.0
62.3333333333
62.6666666667
63.0
63.3333333333
63.6666666667
64.0
64.3333333333
64.6666666667
65.0
65.3333333333
65.6666666667
66.0
66.3333333333
66.6666666667
67.0
67.3333333333
67.6666666667
68.0
68.3333333333
68.6666666667
69.0
69.3333333333
69.6666666667
70.0
70.3333333333
70.6666666667
71.0
71.3333333333
71.6666666667
72.0
72.3333333333
72.6666666667
73.0
73.3333333333
73.6666666667
74.0
74.3333333333
74.6666666667
75.0
75.3333333333
75.6666666667
76.0
76.3333333333
76.6666666667
77.0
77.3333333333
77.6666666667
78.0
78.3333333333
78.6666666667
79.0
79.3333333333
79.6666666667
80.0
80.3333333333
80.6666666667
81.0
81.3333333333
81.6666666667
82.0
82.3333333333
82.6666666667
83.0
83.3333333333
83.6666666667
84.0
84.3333333333
84.6666666667
85.0
85.3333333333
85.6666666667
86.0
86.3333333333
86.6666666667
87.0
87.3333333333
87.6666666667
88.0
88.3333333333
88.6666666667
89.0
89.3333333333
89.6666666667
90.0
90.3333333333
90.6666666667
91.0
91.3333333333
91.6666666667
92.0
92.3333333333
92.6666666667
93.0
93.3333333333
93.6666666667
94.0
94.3333333333
94.6666666667
95.0
95.3333333333
95.6666666667
96.0
96.3333333333
96.6666666667
97.0
97.3333333333
97.6666666667
98.0
98.3333333333
98.6666666667
99.0
99.3333333333
99.6666666667
100.0

-------- solution --------
(1) ,1520,2150,1930
(2) ,1520,2150,1930
(3) ,1520,2150,1930
(4) ,1520,2150,1930
(5) ,1520,2150,1930
(6) ,1520,2150,1930
(7) ,1520,2150,1930
(8) ,1520,2150,1930
(9) ,1520,2150,1930
(10) ,1520,2150,1930
(11) ,1520,2150,1930
(12) ,1520,2150,1930
(13) ,1520,2150,1930
(14) ,1520,2150,1930
(15) ,1520,2150,1930
(16) ,1520,2150,1930
(17) ,1520,2150,1930
(18) ,1520,2150,1930
(19) ,1520,1880,2200
(20) ,1520,1880,2200
(21) ,1520,1880,2200
(22) ,1520,1880,2200
(23) ,1520,1880,2200
(24) ,1520,1880,2200
(25) ,1520,1880,2200
(26) ,1710,2000,1880
(27) ,1710,2000,1880
(28) ,1710,2000,1880
(29) ,1710,2000,1880
(30) ,1710,2000,1880
(31) ,1710,2000,1880
(32) ,1710,2000,1880
(33) ,1710,2000,1880
(34) ,1710,2000,1880
(35) ,1710,2000,1880
(36) ,1930,2100,1560
(37) ,1930,2100,1560
(38) ,2050,1820,1710
(39) ,2050,1820,1710
(40) ,2050,1820,1710
(41) ,2050,1820,1710
(42) ,1380,2100
(43) ,1380,2100
(44) ,1380,2100
(45) ,1380,2100
(46) ,1380,2100
(47) ,1380,2100
(48) ,1880,1560,2140
(49) ,1820,1560,2200
(50) ,1820,1560,2200
(51) ,1820,1560,2200
(52) ,1820,1560,2200
(53) ,1820,1560,2200
(54) ,1820,1560,2200
(55) ,1820,1560,2200
(56) ,1820,1560,2200
(57) ,1820,1560,2200
(58) ,2050,1380,2140
(59) ,2050,1380,2140
(60) ,2050,1380,2140
(61) ,2050,1380,2140
(62) ,2050,1380,2140
(63) ,2050,1380,2140
(64) ,2050,1380,2140
(65) ,2050,1380,2140
(66) ,1380
(67) ,1380
(68) ,1820
(69) ,2200
(70) ,2200
(71) ,2140
(72) ,2140
(73) ,2140
(74) ,1820,2140
(75) ,1820
