1 5 2 0 0 1 4 2 2 0 3 0 0 3 0 1 0 0 1 1 0 0 0 0 7 0 0 0 2 0 
 size = 6 fitness = 0.5
5 1 0 5 0 0 2 2 0 0 0 3 0 0 0 1 2 1 1 1 0 0 1 1 3 0 1 0 0 2 0 0 0 1 1 0 0 0 0 1 
 size = 8 fitness = 0.375
2 1 4 6 0 1 5 0 1 2 0 2 0 0 0 1 1 0 0 6 1 0 0 0 0 1 0 0 0 0 0 0 0 1 0 
 size = 7 fitness = 0.428571428571
2 1 2 0 1 0 1 1 3 3 3 2 0 4 2 0 4 0 0 1 1 1 1 0 0 0 0 0 0 1 0 0 0 1 0 
 size = 7 fitness = 0.428571428571
0 1 0 2 6 3 3 1 1 2 2 1 0 4 0 1 1 2 1 0 0 1 1 0 0 0 1 0 0 0 0 1 0 0 0 
 size = 7 fitness = 0.428571428571
2 3 0 0 1 1 1 3 6 2 1 4 0 0 1 2 1 0 2 4 0 0 1 0 0 
 size = 5 fitness = 0.6
1 4 0 1 2 3 2 4 0 1 0 3 0 7 2 0 0 0 0 2 1 0 0 0 1 1 0 0 0 0 
 size = 6 fitness = 0.5
3 0 1 6 2 2 0 2 2 6 1 6 1 0 0 0 3 0 0 0 
 size = 4 fitness = 0.75
0 0 4 5 4 3 3 0 1 1 0 4 0 2 0 1 1 0 0 3 0 1 0 0 0 2 0 0 0 0 
 size = 6 fitness = 0.5
0 4 4 1 0 1 2 0 6 3 5 1 0 1 1 0 0 0 0 4 0 1 0 0 0 0 1 0 0 0 
 size = 6 fitness = 0.5
4 0 3 2 2 1 3 1 3 2 1 6 0 1 1 0 0 0 2 0 0 0 0 0 3 
 size = 5 fitness = 0.6
4 1 0 3 0 1 2 0 4 2 1 2 1 1 0 0 1 3 0 1 0 3 0 0 1 0 0 0 0 4 
 size = 6 fitness = 0.5
4 3 1 2 0 2 3 2 2 1 0 3 1 3 0 0 0 0 1 0 0 0 0 0 2 0 0 0 0 4 0 0 0 0 1 
 size = 7 fitness = 0.428571428571
3 0 2 0 2 0 0 2 3 1 3 0 0 3 1 0 1 0 1 4 0 6 0 0 0 0 1 0 1 0 0 1 0 0 0 
 size = 7 fitness = 0.428571428571
0 1 2 4 1 2 2 0 4 0 3 0 1 0 2 0 4 0 0 5 1 1 1 0 0 0 1 0 0 0 
 size = 6 fitness = 0.5
0 1 1 3 5 0 2 1 0 0 4 0 1 2 1 1 2 1 1 0 1 1 0 0 0 0 0 0 2 1 0 2 0 0 0 0 1 0 0 0 0 0 0 0 1 
 size = 9 fitness = 0.333333333333
0 1 2 1 4 2 0 2 4 4 2 0 0 1 0 0 0 0 2 0 2 0 0 0 0 0 2 0 0 0 0 5 0 0 0 0 1 0 0 0 
 size = 8 fitness = 0.375
2 1 0 3 4 0 2 0 2 3 2 1 1 0 0 0 2 3 0 0 2 2 0 2 0 0 0 0 1 1 0 1 0 0 0 
 size = 7 fitness = 0.428571428571
3 2 0 0 2 1 0 2 4 4 1 5 0 2 1 0 1 1 0 1 1 1 1 2 0 
 size = 5 fitness = 0.6
1 0 3 4 3 3 1 1 1 2 1 2 0 0 3 0 6 0 2 0 1 0 0 0 0 0 0 0 1 0 
 size = 6 fitness = 0.5
2 0 4 1 0 0 2 0 1 7 1 0 0 5 0 2 1 0 1 1 1 0 0 0 0 0 3 0 0 0 0 3 0 0 0 
 size = 7 fitness = 0.428571428571
1 2 2 3 0 0 1 0 0 2 0 0 0 3 2 2 5 1 0 1 1 1 0 2 3 1 0 1 0 0 1 0 0 0 0 
 size = 7 fitness = 0.428571428571
0 1 0 7 4 0 4 0 1 3 2 4 2 0 1 2 0 1 0 0 0 0 1 0 0 2 0 0 0 0 
 size = 6 fitness = 0.5
1 1 0 5 4 1 2 3 0 1 4 0 1 3 0 0 5 0 0 3 0 1 0 0 0 
 size = 5 fitness = 0.6
1 2 1 2 2 1 1 3 6 0 0 0 0 0 2 4 0 0 0 0 0 3 0 0 4 0 1 0 0 0 0 1 0 0 0 0 1 0 0 0 
 size = 8 fitness = 0.375
4.15389180101
7.26931065177
10.8297893383
14.3902680249
17.9507467115
22.9354168727
27.0893086737
33.3201463752
37.4740381762
41.6279299773
46.6126001385
50.7664919395
54.3269706261
57.8874493126
62.0413411136
64.8106023143
67.9260211651
71.4864998516
76.4711700129
80.6250618139
84.1855405004
87.746019187
91.899910988
96.8845811492
100.0


----Printing 2 selected----
2 3 0 0 1 1 1 3 6 2 1 4 0 0 1 2 1 0 2 4 0 0 1 0 0 
 size = 5 fitness = 0.6
0 1 0 7 4 0 4 0 1 3 2 4 2 0 1 2 0 1 0 0 0 0 1 0 0 2 0 0 0 0 
 size = 6 fitness = 0.5


-----------result of crossover---------
2 3 0 0 1 1 1 3 6 2 2 4 2 0 1 2 0 1 0 0 0 0 1 0 0 
 size = 5 fitness = 0.6
Afer mutation
1 0 4 3 2 1 0 1 4 6 2 2 4 1 0 2 1 0 0 0 0 1 0 0 0 
 size = 5 fitness = 0.6


----Printing 2 selected----
0 1 0 7 4 0 4 0 1 3 2 4 2 0 1 2 0 1 0 0 0 0 1 0 0 2 0 0 0 0 
 size = 6 fitness = 0.5
5 1 0 5 0 0 2 2 0 0 0 3 0 0 0 1 2 1 1 1 0 0 1 1 3 0 1 0 0 2 0 0 0 1 1 0 0 0 0 1 
 size = 8 fitness = 0.375


-----------result of crossover---------
0 1 0 7 4 0 4 0 1 3 2 4 2 0 1 1 2 1 1 1 0 0 1 1 3 0 1 0 0 2 
 size = 6 fitness = 0.5
Afer mutation
3 0 0 0 5 0 0 2 1 1 2 2 4 1 0 1 1 2 1 1 0 1 0 3 1 0 0 1 2 0 
 size = 6 fitness = 0.5


----Printing 2 selected----
3 2 0 0 2 1 0 2 4 4 1 5 0 2 1 0 1 1 0 1 1 1 1 2 0 
 size = 5 fitness = 0.6
1 5 2 0 0 1 4 2 2 0 3 0 0 3 0 1 0 0 1 1 0 0 0 0 7 0 0 0 2 0 
 size = 6 fitness = 0.5


-----------result of crossover---------
3 2 0 0 2 1 0 2 4 4 3 0 0 3 0 1 0 0 1 1 0 0 0 0 7 
 size = 5 fitness = 0.6
Afer mutation
1 0 7 0 0 1 4 2 0 4 3 0 0 0 3 1 0 0 1 1 0 0 0 7 0 
 size = 5 fitness = 0.6


----Printing 2 selected----
0 1 1 3 5 0 2 1 0 0 4 0 1 2 1 1 2 1 1 0 1 1 0 0 0 0 0 0 2 1 0 2 0 0 0 0 1 0 0 0 0 0 0 0 1 
 size = 9 fitness = 0.333333333333
4 0 3 2 2 1 3 1 3 2 1 6 0 1 1 0 0 0 2 0 0 0 0 0 3 
 size = 5 fitness = 0.6


-----------result of crossover---------
4 0 3 2 2 1 3 1 3 2 4 0 1 2 1 1 2 1 1 0 1 1 0 0 0 
 size = 5 fitness = 0.6
Afer mutation
0 1 3 5 2 0 1 3 2 3 4 1 0 1 2 1 1 2 0 1 1 0 1 0 0 
 size = 5 fitness = 0.6


----Printing 2 selected----
1 1 0 5 4 1 2 3 0 1 4 0 1 3 0 0 5 0 0 3 0 1 0 0 0 
 size = 5 fitness = 0.6
0 1 0 2 6 3 3 1 1 2 2 1 0 4 0 1 1 2 1 0 0 1 1 0 0 0 1 0 0 0 0 1 0 0 0 
 size = 7 fitness = 0.428571428571


-----------result of crossover---------
1 1 0 5 4 1 2 3 0 1 2 1 0 4 0 1 1 2 1 0 0 1 1 0 0 
 size = 5 fitness = 0.6
Afer mutation
2 0 2 4 3 1 1 4 3 0 2 0 1 1 4 1 2 1 0 1 0 1 1 0 0 
 size = 5 fitness = 0.6


----Printing 2 selected----
1 4 0 1 2 3 2 4 0 1 0 3 0 7 2 0 0 0 0 2 1 0 0 0 1 1 0 0 0 0 
 size = 6 fitness = 0.5
4 0 3 2 2 1 3 1 3 2 1 6 0 1 1 0 0 0 2 0 0 0 0 0 3 
 size = 5 fitness = 0.6


-----------result of crossover---------
4 0 3 2 2 1 3 1 3 2 0 3 0 7 2 0 0 0 0 2 1 0 0 0 1 
 size = 5 fitness = 0.6
Afer mutation
4 3 2 1 0 1 1 4 2 1 0 0 3 2 7 0 0 0 2 0 1 0 0 1 0 
 size = 5 fitness = 0.6


----Printing 2 selected----
0 1 1 3 5 0 2 1 0 0 4 0 1 2 1 1 2 1 1 0 1 1 0 0 0 0 0 0 2 1 0 2 0 0 0 0 1 0 0 0 0 0 0 0 1 
 size = 9 fitness = 0.333333333333
4 0 3 2 2 1 3 1 3 2 1 6 0 1 1 0 0 0 2 0 0 0 0 0 3 
 size = 5 fitness = 0.6


-----------result of crossover---------
4 0 3 2 2 1 3 1 3 2 4 0 1 2 1 1 2 1 1 0 1 1 0 0 0 
 size = 5 fitness = 0.6
Afer mutation
0 1 3 5 2 0 1 3 2 3 4 1 0 1 2 1 1 2 0 1 1 0 1 0 0 
 size = 5 fitness = 0.6


----Printing 2 selected----
3 2 0 0 2 1 0 2 4 4 1 5 0 2 1 0 1 1 0 1 1 1 1 2 0 
 size = 5 fitness = 0.6
4 1 0 3 0 1 2 0 4 2 1 2 1 1 0 0 1 3 0 1 0 3 0 0 1 0 0 0 0 4 
 size = 6 fitness = 0.5


-----------result of crossover---------
3 2 0 0 2 1 0 2 4 4 1 2 1 1 0 0 1 3 0 1 0 3 0 0 1 
 size = 5 fitness = 0.6
Afer mutation
4 0 3 2 0 1 0 0 4 7 1 1 2 0 1 0 3 1 1 0 0 0 3 1 0 
 size = 5 fitness = 0.6


----Printing 2 selected----
0 1 2 4 1 2 2 0 4 0 3 0 1 0 2 0 4 0 0 5 1 1 1 0 0 0 1 0 0 0 
 size = 6 fitness = 0.5
1 1 0 5 4 1 2 3 0 1 4 0 1 3 0 0 5 0 0 3 0 1 0 0 0 
 size = 5 fitness = 0.6


-----------result of crossover---------
1 1 0 5 4 1 2 3 0 1 3 0 1 0 2 0 4 0 0 5 1 1 1 0 0 
 size = 5 fitness = 0.6
Afer mutation
1 0 2 0 8 1 2 2 1 0 3 1 0 2 0 0 0 4 5 0 1 1 1 0 0 
 size = 5 fitness = 0.6


----Printing 2 selected----
1 4 0 1 2 3 2 4 0 1 0 3 0 7 2 0 0 0 0 2 1 0 0 0 1 1 0 0 0 0 
 size = 6 fitness = 0.5
0 1 2 4 1 2 2 0 4 0 3 0 1 0 2 0 4 0 0 5 1 1 1 0 0 0 1 0 0 0 
 size = 6 fitness = 0.5


-----------result of crossover---------
1 4 0 1 2 3 2 4 0 1 0 3 0 7 2 0 4 0 0 5 1 1 1 0 0 0 1 0 0 0 
 size = 6 fitness = 0.5
Afer mutation
2 0 0 0 1 3 3 0 1 0 0 0 3 2 7 0 0 4 5 0 1 1 1 0 0 0 0 1 0 0 
 size = 6 fitness = 0.5

-------- solution --------
3 0 1 6 2 2 0 2 2 6 1 6 1 0 0 0 3 0 0 0 
 size = 4 fitness = 0.75
