0.321863286094
0.643726572188
0.981290506384
1.31081720405
1.6568202366
1.99031713545
2.30848084354
2.65448387609
2.97264758418
3.31021151838
3.65194290855
3.98950684275
4.32300374159
4.66056767579
4.98621758878
5.31574428645
5.63390799454
5.96740489339
6.31778771116
6.65128461
6.97693452299
7.2914827344
7.63321412458
7.96671102342
8.28857430951
8.6142242225
8.94772112135
9.28121802019
9.63160083797
9.96916477216
10.280178734
10.6097054317
10.9557084642
11.2813583772
11.6189223114
11.9524192103
12.2705829183
12.6254578235
12.9671892137
13.2967159114
13.626242609
13.9679739992
14.318356817
14.6518537158
14.9664019272
15.2920518402
15.6296157744
15.9671797086
16.3047436428
16.646475033
16.9760017307
17.3094986295
17.6512300197
17.9929614099
18.3224881075
18.6559850064
18.9816349194
19.3411185895
19.6629818756
20.0133646934
20.3352279795
20.6687248783
20.9943747913
21.3319387255
21.6614654232
21.9833287093
22.3014924174
22.6474954499
22.9850593841
23.318556283
23.6404195691
23.9779835033
24.3036334163
24.6453648064
24.9957476242
25.3333115584
25.6628382561
26.0132210738
26.3636038916
26.7011678258
27.0268177388
27.3603146376
27.6713285995
28.0130599897
28.3506239239
28.6724872099
29.0100511441
29.3245993556
29.6502492685
29.9878132027
30.3213101016
30.6394738097
30.9613370958
31.3073401283
31.6533431609
31.995074551
32.3410775836
32.6828089738
33.0046722599
33.3381691587
33.6841721913
34.0136988889
34.3512628231
34.6888267573
35.0069904654
35.3251541735
35.6586510723
35.98817777
36.3385605878
36.6642105008
36.9898604138
37.3117236999
37.6412503975
37.9594141056
38.2812773917
38.6188413259
38.9605727161
39.3065757486
39.6175897105
39.9510866093
40.2886505435
40.6221474424
40.95167414
41.2934055302
41.6394085628
41.9575722709
42.2757359789
42.6132999131
42.9593029457
43.3053059782
43.6234696863
43.9694727189
44.3070366531
44.6288999392
44.9706313294
45.2962812423
45.6219311553
45.9475810683
46.2694443544
46.6111757446
46.9446726434
47.2741993411
47.6037260388
47.9293759518
48.2589026494
48.5884293471
48.9140792601
49.2558106503
49.5933745845
49.9190244974
50.2607558876
50.5789195957
50.9045695087
51.2463008989
51.588032289
51.9175589867
52.2592903769
52.5927872757
52.9262841746
53.2519340876
53.5775840006
53.8957477086
54.2333116428
54.5514753509
54.873338637
55.2068355359
55.5213837473
55.8548806461
56.1694288575
56.5154318901
56.8529958243
57.1864927231
57.5324957557
57.8828785735
58.2246099636
58.5706129962
58.904109895
59.2458412852
59.5677045713
59.9052685055
60.2309184185
60.5684823527
60.8980090503
61.2315059492
61.565002848
61.9110058806
62.2366557936
62.5701526924
62.8920159785
63.2215426762
63.5397063843
63.8653562973
64.1988531961
64.5492360139
64.8867999481
65.2243638823
65.5660952724
65.9036592066
66.2453905968
66.5913936294
66.920920327
67.2713031448
67.613034535
67.9505984692
68.284095368
68.609745281
68.9392719787
69.2727688775
69.6103328117
69.9438297106
70.2855611007
70.6150877984
70.9485846972
71.2667484053
71.6127514379
71.9462483367
72.2757750344
72.621778067
72.9593420012
73.3053450337
73.6388419325
73.9764058667
74.3224088993
74.6684119318
75.0019088307
75.3314355284
75.6570854413
75.9946493755
76.3322133097
76.6617400074
76.9912667051
77.3288306393
77.6544805523
77.9879774511
78.3136273641
78.6511912983
78.9693550064
79.3110863966
79.6659613017
79.9841250098
80.3176219087
80.6321701201
80.9578200331
81.2834699461
81.6252013362
81.9669327264
82.3218076316
82.6399713397
82.9694980374
83.3289817075
83.6585084052
83.992005304
84.3215320017
84.6590959359
84.9666541871
85.3001510859
85.6418824761
85.9794464103
86.3254494428
86.663013377
87.0047447672
87.355127585
87.7055104027
88.0311603157
88.3646572146
88.6981541134
89.0200173995
89.3310313614
89.6645282602
90.0020921944
90.3524750122
90.6984780447
91.0402094349
91.3905922527
91.7124555388
92.0419822364
92.3638455225
92.6857088086
93.00025702
93.3378209542
93.6634708672
93.9891207802
94.3072844883
94.636811186
94.9743751202
95.3039018178
95.641465752
95.9790296862
96.3250327188
96.6754155366
96.9972788226
97.3348427568
97.6643694545
98.0061008447
98.3279641308
98.6574908284
98.9992222186
99.3367861528
99.674350087
100.0

-------- solution --------
(1) ,1380,2200
(2) ,1930,1710
(3) ,1820,1710
(4) ,2050,2140
(5) ,1820,1520,1560
(6) ,1930,1710,1560
(7) ,2050,1380,1710
(8) ,1520,2200
(9) ,2050,1520,1880
(10) ,1710,1520,2200
(11) ,1820
(12) ,1710,1560
(13) ,1820,1710,1880
(14) ,2000,1710
(15) ,2050,1820,1710
(16) ,1380,1880,2140
(17) ,2050,1710
(18) ,1520,2150,1930
(19) ,1520,2150,1930
(20) ,1520,2150,1930
(21) ,1520,2150,1930
(22) ,1520,2150,1930
(23) ,1520,2150,1930
(24) ,1520,2150,1930
(25) ,1520,2150,1930
(26) ,1520,2150,1930
(27) ,1520,2150,1930
(28) ,1520,2150,1930
(29) ,1520,2150,1930
(30) ,1520,2150,1930
(31) ,1520,2150,1930
(32) ,1520,2150,1930
(33) ,1520,2150,1930
(34) ,1520,2150,1930
(35) ,1520,2150,1930
(36) ,1520,1880,2200
(37) ,1520,1880,2200
(38) ,1820,1880
(39) ,1820,1880
(40) ,1820,1880
(41) ,1820,1880
(42) ,1820,1880
(43) ,1820,1880
(44) ,1380,2100
(45) ,1380,2100
(46) ,1380,2100
(47) ,1380,2100
(48) ,1380,2100
(49) ,1380,2100
(50) ,1380,2100
(51) ,1880,1560,2140
(52) ,1820,1560,2200
(53) ,1820,1560,2200
(54) ,1820,1560,2200
(55) ,1820,1560,2200
(56) ,1820,1560,2200
(57) ,1820,1560,2200
(58) ,1380,2000,2200
(59) ,1380,2000,2200
(60) ,1380,2000,2200
(61) ,1380,2000,2200
(62) ,1380,2000,2200
(63) ,1380,2000,2200
(64) ,1380,2000,2200
(65) ,1380,2000,2200
(66) ,1380,2000,2200
(67) ,2050,1380,2140
(68) ,2050,1380,2140
(69) ,1560,2140
(70) ,2140
(71) ,2140
(72) ,2140
(73) ,2140
(74) ,2140
(75) ,2050
(76) ,2050
(77) ,2050
	1380	1520	1560	1710	1820	1880	1930	2000	2050	2100	2140	2150	2200	
S1	2	0	0	0	0	0	0	0	0	0	0	0	1	
S2	0	0	0	2	0	0	1	0	0	0	0	0	0	
S3	0	0	0	2	1	0	0	0	0	0	0	0	0	
S4	0	0	0	0	0	0	0	0	1	0	1	0	0	
S5	0	1	1	0	1	0	0	0	0	0	0	0	0	
S6	0	0	1	1	0	0	1	0	0	0	0	0	0	
S7	1	0	0	1	0	0	0	0	1	0	0	0	0	
S8	0	2	0	0	0	0	0	0	0	0	0	0	1	
S9	0	1	0	0	0	1	0	0	1	0	0	0	0	
S10	0	1	0	1	0	0	0	0	0	0	0	0	1	
S11	0	0	0	0	2	0	0	0	0	0	0	0	0	
S12	0	0	1	2	0	0	0	0	0	0	0	0	0	
S13	0	0	0	1	1	1	0	0	0	0	0	0	0	
S14	0	0	0	1	0	0	0	1	0	0	0	0	0	
S15	0	0	0	1	1	0	0	0	1	0	0	0	0	
S16	1	0	0	0	0	1	0	0	0	0	1	0	0	
S17	0	0	0	2	0	0	0	0	1	0	0	0	0	
S18	0	1	0	0	0	0	1	0	0	0	0	1	0	
S19	0	1	0	0	0	0	1	0	0	0	0	1	0	
S20	0	1	0	0	0	0	1	0	0	0	0	1	0	
S21	0	1	0	0	0	0	1	0	0	0	0	1	0	
S22	0	1	0	0	0	0	1	0	0	0	0	1	0	
S23	0	1	0	0	0	0	1	0	0	0	0	1	0	
S24	0	1	0	0	0	0	1	0	0	0	0	1	0	
S25	0	1	0	0	0	0	1	0	0	0	0	1	0	
S26	0	1	0	0	0	0	1	0	0	0	0	1	0	
S27	0	1	0	0	0	0	1	0	0	0	0	1	0	
S28	0	1	0	0	0	0	1	0	0	0	0	1	0	
S29	0	1	0	0	0	0	1	0	0	0	0	1	0	
S30	0	1	0	0	0	0	1	0	0	0	0	1	0	
S31	0	1	0	0	0	0	1	0	0	0	0	1	0	
S32	0	1	0	0	0	0	1	0	0	0	0	1	0	
S33	0	1	0	0	0	0	1	0	0	0	0	1	0	
S34	0	1	0	0	0	0	1	0	0	0	0	1	0	
S35	0	1	0	0	0	0	1	0	0	0	0	1	0	
S36	0	1	0	0	0	1	0	0	0	0	0	0	1	
S37	0	1	0	0	0	1	0	0	0	0	0	0	1	
S38	0	0	0	0	1	2	0	0	0	0	0	0	0	
S39	0	0	0	0	1	2	0	0	0	0	0	0	0	
S40	0	0	0	0	1	2	0	0	0	0	0	0	0	
S41	0	0	0	0	1	2	0	0	0	0	0	0	0	
S42	0	0	0	0	1	2	0	0	0	0	0	0	0	
S43	0	0	0	0	1	2	0	0	0	0	0	0	0	
S44	1	0	0	0	0	0	0	0	0	2	0	0	0	
S45	1	0	0	0	0	0	0	0	0	2	0	0	0	
S46	1	0	0	0	0	0	0	0	0	2	0	0	0	
S47	1	0	0	0	0	0	0	0	0	2	0	0	0	
S48	1	0	0	0	0	0	0	0	0	2	0	0	0	
S49	1	0	0	0	0	0	0	0	0	2	0	0	0	
S50	1	0	0	0	0	0	0	0	0	2	0	0	0	
S51	0	0	1	0	0	1	0	0	0	0	1	0	0	
S52	0	0	1	0	1	0	0	0	0	0	0	0	1	
S53	0	0	1	0	1	0	0	0	0	0	0	0	1	
S54	0	0	1	0	1	0	0	0	0	0	0	0	1	
S55	0	0	1	0	1	0	0	0	0	0	0	0	1	
S56	0	0	1	0	1	0	0	0	0	0	0	0	1	
S57	0	0	1	0	1	0	0	0	0	0	0	0	1	
S58	1	0	0	0	0	0	0	1	0	0	0	0	1	
S59	1	0	0	0	0	0	0	1	0	0	0	0	1	
S60	1	0	0	0	0	0	0	1	0	0	0	0	1	
S61	1	0	0	0	0	0	0	1	0	0	0	0	1	
S62	1	0	0	0	0	0	0	1	0	0	0	0	1	
S63	1	0	0	0	0	0	0	1	0	0	0	0	1	
S64	1	0	0	0	0	0	0	1	0	0	0	0	1	
S65	1	0	0	0	0	0	0	1	0	0	0	0	1	
S66	1	0	0	0	0	0	0	1	0	0	0	0	1	
S67	1	0	0	0	0	0	0	0	1	0	1	0	0	
S68	1	0	0	0	0	0	0	0	1	0	1	0	0	
S69	0	0	2	0	0	0	0	0	0	0	1	0	0	
S70	0	0	0	0	0	0	0	0	0	0	2	0	0	
S71	0	0	0	0	0	0	0	0	0	0	2	0	0	
S72	0	0	0	0	0	0	0	0	0	0	2	0	0	
S73	0	0	0	0	0	0	0	0	0	0	2	0	0	
S74	0	0	0	0	0	0	0	0	0	0	2	0	0	
S75	0	0	0	0	0	0	0	0	2	0	0	0	0	
S76	0	0	0	0	0	0	0	0	2	0	0	0	0	
S77	0	0	0	0	0	0	0	0	1	0	0	0	0	

 size = 77 fitness = 0.935064935065
